1310935 32
1340642 32
1341501 32
1342360 32
1343219 32
1344078 32
1344937 32
1345796 32
1407345 32
1437052 32
1437911 32
1438770 32
1439629 32
1440488 32
1441347 32
1442206 32
1503755 32
1533462 32
1534321 32
1535180 32
1536039 32
1536898 32
1537757 32
1538616 32
1600165 32
1629872 32
1630731 32
1631590 32
1632449 32
1633308 32
1634167 32
1635026 32
1696575 32
1726282 32
1727141 32
1728000 32
1728859 32
1729718 32
1730577 32
1731436 32
1792985 32
1822692 32
1823551 32
1824410 32
1825269 32
1826128 32
1826987 32
1827846 32
1889395 32
1919102 32
1919961 32
1920820 32
1921679 32
1922538 32
1923397 32
1924256 32
1985805 32
2015512 32
2016371 32
2017230 32
2018089 32
2018948 32
2019807 32
2020666 32
2082215 32
2111922 32
2112781 32
2113640 32
2114499 32
2115358 32
2116217 32
2117076 32
2178625 32
2208332 32
2209191 32
2210050 32
2210909 32
2211768 32
2212627 32
2213486 32
2275035 32
2371158 32
8433139 32
8462846 32
8463705 32
8464564 32
8465423 32
8466282 32
8467141 32
8468000 32
8529549 32
8559256 32
8560115 32
8560974 32
8561833 32
8562692 32
8563551 32
8564410 32
8625959 32
8655666 32
8656525 32
8657384 32
8658243 32
8659102 32
8659961 32
8660820 32
8722369 32
8752076 32
8752935 32
8753794 32
8754653 32
8755512 32
8756371 32
8757230 32
8818779 32
8848486 32
8849345 32
8850204 32
8851063 32
8851922 32
8852781 32
8853640 32
8915189 32
8944896 32
8945755 32
8946614 32
8947473 32
8948332 32
8949191 32
8950050 32
9011599 32
9041306 32
9042165 32
9043024 32
9043883 32
9044742 32
9045601 32
9046460 32
9108009 32
9137716 32
9138575 32
9139434 32
9140293 32
9141152 32
9142011 32
9142870 32
9204419 32
9234126 32
9234985 32
9235844 32
9236703 32
9237562 32
9238421 32
9239280 32
9300829 32
9330536 32
9331395 32
9332254 32
9333113 32
9333972 32
9334831 32
9335690 32
9397239 32
9493362 32
9589485 32
9685608 32
9781731 32
9877854 32
9973977 32
10070100 32
10166263 32
10195970 32
10196829 32
10197688 32
10198547 32
10199406 32
10200265 32
10201124 32
10201983 32
10202842 32
10203701 32
10204560 32
10205419 32
10206278 32
10207137 32
10207996 32
10208855 32
10263056 32
10359190 32
10388897 32
10389756 32
10390615 32
10391474 32
10392333 32
10393192 32
10394051 32
10394910 32
10395769 32
10396628 32
10397487 32
10398346 32
10399205 32
10400064 32
10400923 32
10401782 32
10455969 32
10552092 32
10648215 32
10744338 32
10840461 32
10936584 32
11032707 32
11128830 32
11224953 32
11321076 32
11417227 32
11446934 32
11447793 32
11448652 32
11449511 32
11450370 32
11451229 32
11452088 32
11452947 32
11453806 32
11454665 32
11455524 32
11456383 32
11457242 32
11458101 32
11458960 32
11459819 32
11514008 32
11610133 32
11706253 32
11802608 32
11832555 32
11833654 32
11834753 32
11835852 32
11836951 32
11838050 32
11839149 32
11845298 32
11845507 32
11845874 32
11846283 32
11846792 32
11847459 32
11848226 32
11849035 32
11850002 32
11851069 32
11852236 32
11853503 32
11854928 32
11856395 32
11857962 32
11859687 32
11861512 32
11863379 32
11865404 32
11867529 32
11869754 32
11872079 32
11874562 32
11877087 32
11879712 32
11882495 32
11885378 32
11888303 32
11891386 32
11894569 32
11897852 32
11901235 32
11904776 32
11908359 32
11912042 32
11915883 32
11918706 32
11948653 32
11948912 32
11949811 32
11950910 32
11952009 32
11953018 32
11953167 32
11954266 32
11955365 32
11957282 32
11961523 32
11965864 32
11970305 32
11974904 32
11979545 32
11984286 32
11989185 32
11994184 32
11999225 32
12004424 32
12009723 32
12015122 32
12020621 32
12026278 32
12031977 32
12033742 32
12063689 32
12064788 32
12065887 32
12066946 32
12067045 32
12068144 32
12069243 32
12070342 32
12073067 32
12079124 32
12085223 32
12091480 32
12097837 32
12104294 32
12110851 32
12117566 32
12124323 32
12142918 32
12172625 32
12173484 32
12174343 32
12175202 32
12176061 32
12176920 32
12177779 32
12237692 32
12267399 32
12268258 32
12269117 32
12269976 32
12270835 32
12271694 32
12272553 32
12332466 32
12362173 32
12363032 32
12363891 32
12364750 32
12365609 32
12366468 32
12367327 32
12427240 32
12456947 32
12457806 32
12458665 32
12459524 32
12460383 32
12461242 32
12462101 32
12522014 32
12551721 32
12552580 32
12553439 32
12554298 32
12555157 32
12556016 32
12556875 32
12616788 32
12646495 32
12647354 32
12648213 32
12649072 32
12649931 32
12650790 32
12651649 32
12711562 32
12741269 32
12742128 32
12742987 32
12743846 32
12744705 32
12745564 32
12746423 32
12806336 32
12900846 32
12930553 32
12931412 32
12932271 32
12933130 32
12933989 32
12934848 32
12935707 32
12936566 32
12937425 32
12938284 32
12939143 32
12940002 32
12940861 32
12941720 32
12942579 32
12943438 32
12995991 32
13090480 32
13184969 32
13279458 32
13373947 32
13468436 32
13562925 32
13657414 32
13751898 32
13846602 32
13876549 32
13877648 32
13878747 32
13879846 32
13880945 32
13882044 32
13882553 32
13882762 32
13883071 32
13883320 32
13883579 32
13884088 32
13884755 32
13885464 32
13886331 32
13887298 32
13888365 32
13889532 32
13890799 32
13892166 32
13893691 32
13895258 32
13896983 32
13898750 32
13900675 32
13902700 32
13904825 32
13907050 32
13909375 32
13911800 32
13914383 32
13917008 32
13919791 32
13922616 32
13925599 32
13928682 32
13931865 32
13935148 32
13938531 32
13942014 32
13945655 32
13949338 32
13953179 32
13957062 32
13960643 32
13990150 32
13990649 32
13991748 32
13992847 32
13993946 32
13994455 32
13995104 32
13996203 32
13997302 32
13998819 32
14003160 32
14007601 32
14012142 32
14016841 32
14021582 32
14026481 32
14031422 32
14036521 32
14041720 32
14047019 32
14052418 32
14057917 32
14063516 32
14069273 32
14073504 32
14103451 32
14104160 32
14104609 32
14105708 32
14106807 32
14107906 32
14109005 32
14110104 32
14110363 32
14116362 32
14122519 32
14128776 32
14135133 32
14141590 32
14148147 32
14154804 32
14161619 32
14180480 32
14210187 32
14211046 32
14211905 32
14212764 32
14213623 32
14214482 32
14215341 32
14273618 32
14303325 32
14304184 32
14305043 32
14305902 32
14306761 32
14307620 32
14308479 32
14366756 32
14396463 32
14397322 32
14398181 32
14399040 32
14399899 32
14400758 32
14401617 32
14459894 32
14489601 32
14490460 32
14491319 32
14492178 32
14493037 32
14493896 32
14494755 32
14553032 32
14582739 32
14583598 32
14584457 32
14585316 32
14586175 32
14587034 32
14587893 32
14646193 32
14675900 32
14676759 32
14677618 32
14678477 32
14679336 32
14680195 32
14681054 32
14739333 32
14769040 32
14769899 32
14770758 32
14771617 32
14772476 32
14773335 32
14774194 32
14832468 32
14925536 32
14955483 32
14956582 32
14957681 32
14958780 32
14959879 32
14960978 32
14961487 32
14961696 32
14962005 32
14962254 32
14962513 32
14963022 32
14963689 32
14964398 32
14965265 32
14966232 32
14967299 32
14968466 32
14969733 32
14971100 32
14972625 32
14974192 32
14975917 32
14977684 32
14979609 32
14981634 32
14983759 32
14985984 32
14988309 32
14990734 32
14993317 32
14995942 32
14998725 32
15001550 32
15004533 32
15007616 32
15010799 32
15014082 32
15017465 32
15020948 32
15024589 32
15028272 32
15032113 32
15035996 32
15037461 32
15067408 32
15068507 32
15069166 32
15069665 32
15070764 32
15071863 32
15072962 32
15073471 32
15074120 32
15077753 32
15082094 32
15086535 32
15091076 32
15095775 32
15100516 32
15105415 32
15110356 32
15115455 32
15120654 32
15125953 32
15131352 32
15136851 32
15142450 32
15148147 32
15177254 32
15178153 32
15179252 32
15180351 32
15181450 32
15182549 32
15183258 32
15183707 32
15184806 32
15189297 32
15195296 32
15201453 32
15207710 32
15214067 32
15220524 32
15227081 32
15233738 32
15240553 32
15254506 32
15284213 32
15285072 32
15285931 32
15286790 32
15287649 32
15288508 32
15289367 32
15346008 32
15375715 32
15376574 32
15377433 32
15378292 32
15379151 32
15380010 32
15380869 32
15437510 32
15467217 32
15468076 32
15468935 32
15469794 32
15470653 32
15471512 32
15472371 32
15529012 32
15558719 32
15559578 32
15560437 32
15561296 32
15562155 32
15563014 32
15563873 32
15620514 32
15650221 32
15651080 32
15651939 32
15652798 32
15653657 32
15654516 32
15655375 32
15712016 32
15741723 32
15742582 32
15743441 32
15744300 32
15745159 32
15746018 32
15746877 32
15803518 32
15833225 32
15834084 32
15834943 32
15835802 32
15836661 32
15837520 32
15838379 32
15895048 32
15924755 32
15925614 32
15926473 32
15927332 32
15928191 32
15929050 32
15929909 32
15930768 32
15931627 32
15932486 32
15933345 32
15934204 32
15935063 32
15935922 32
15936781 32
15937640 32
15986921 32
16078138 32
16169355 32
16260572 32
16351789 32
16443006 32
16534223 32
16625435 32
16716882 32
16746829 32
16747928 32
16749027 32
16750126 32
16751225 32
16752324 32
16752833 32
16753042 32
16753351 32
16753600 32
16753859 32
16754368 32
16755035 32
16755744 32
16756611 32
16757578 32
16758645 32
16759812 32
16761079 32
16762446 32
16763971 32
16765538 32
16767263 32
16769030 32
16770955 32
16772980 32
16775105 32
16777330 32
16779655 32
16782080 32
16784663 32
16787288 32
16790071 32
16792896 32
16795879 32
16798962 32
16802145 32
16805428 32
16808811 32
16812294 32
16815935 32
16819618 32
16823459 32
16826632 32
16856389 32
16856638 32
16857737 32
16858836 32
16859935 32
16860594 32
16861093 32
16862192 32
16863291 32
16864858 32
16869099 32
16873440 32
16877881 32
16882422 32
16887121 32
16891862 32
16896761 32
16901702 32
16906801 32
16912000 32
16917299 32
16922698 32
16928197 32
16933796 32
16935261 32
16965208 32
16966307 32
16967406 32
16968505 32
16968764 32
16969663 32
16970762 32
16971861 32
16974686 32
16980643 32
16986642 32
16992799 32
16999056 32
17005413 32
17011870 32
17018427 32
17025084 32
17031899 32
17040944 32
17070651 32
17071510 32
17072369 32
17073228 32
17074087 32
17074946 32
17075805 32
17130810 32
17160517 32
17161376 32
17162235 32
17163094 32
17163953 32
17164812 32
17165671 32
17220676 32
17250383 32
17251242 32
17252101 32
17252960 32
17253819 32
17254678 32
17255537 32
17310542 32
17340249 32
17341108 32
17341967 32
17342826 32
17343685 32
17344544 32
17345403 32
17400408 32
17430115 32
17430974 32
17431833 32
17432692 32
17433551 32
17434410 32
17435269 32
17490274 32
17519981 32
17520840 32
17521699 32
17522558 32
17523417 32
17524276 32
17525135 32
17580140 32
17609847 32
17610706 32
17611565 32
17612424 32
17613283 32
17614142 32
17615001 32
17670006 32
17759585 32
17849164 32
17938743 32
18028322 32
18117901 32
18207475 32
18297049 32
18386628 32
18476207 32
18565786 32
18655365 32
18744944 32
18834523 32
18924102 32
19013681 32
19103260 32
19192839 32
19282418 32
19371997 32
19461576 32
19551155 32
19640734 32
19730313 32
19819887 32
19909489 32
19939196 32
19940055 32
19940914 32
19941773 32
19942632 32
19943491 32
19944350 32
19945209 32
19946068 32
19946927 32
19947786 32
19948645 32
19949504 32
19950363 32
19951222 32
19952081 32
19999721 32
20089297 32
20178873 32
20268449 32
20358025 32
20447601 32
20537177 32
20626748 32
20716539 32
20746486 32
20747585 32
20748684 32
20749783 32
20750882 32
20751981 32
20752490 32
20752699 32
20753008 32
20753257 32
20753516 32
20754025 32
20754692 32
20755401 32
20756268 32
20757235 32
20758302 32
20759469 32
20760736 32
20762103 32
20763628 32
20765195 32
20766920 32
20768687 32
20770612 32
20772637 32
20774762 32
20776987 32
20779312 32
20781737 32
20784320 32
20786945 32
20789728 32
20792553 32
20795536 32
20798619 32
20801802 32
20805085 32
20808468 32
20811951 32
20815592 32
20819275 32
20823116 32
20824173 32
20854120 32
20855219 32
20856128 32
20856377 32
20857476 32
20858575 32
20859674 32
20860333 32
20860832 32
20864515 32
20868756 32
20873097 32
20877538 32
20882079 32
20886778 32
20891519 32
20896418 32
20901359 32
20906458 32
20911657 32
20916956 32
20922355 32
20927854 32
20930627 32
20960574 32
20961673 32
20962582 32
20962831 32
20963930 32
20965029 32
20966128 32
20967227 32
20968544 32
20974343 32
20980300 32
20986299 32
20992456 32
20998713 32
21005070 32
21011527 32
21018084 32
21024741 32
21031556 32
21035693 32
21065400 32
21066259 32
21067118 32
21067977 32
21068836 32
21069695 32
21070554 32
21123923 32
21153630 32
21154489 32
21155348 32
21156207 32
21157066 32
21157925 32
21158784 32
21212153 32
21241860 32
21242719 32
21243578 32
21244437 32
21245296 32
21246155 32
21247014 32
21300383 32
21330090 32
21330949 32
21331808 32
21332667 32
21333526 32
21334385 32
21335244 32
21388613 32
21418320 32
21419179 32
21420038 32
21420897 32
21421756 32
21422615 32
21423474 32
21476843 32
21506550 32
21507409 32
21508268 32
21509127 32
21509986 32
21510845 32
21511704 32
21565073 32
21594780 32
21595639 32
21596498 32
21597357 32
21598216 32
21599075 32
21599934 32
21653303 32
21741246 32
21829189 32
21917132 32
22005075 32
22093018 32
