1310746 32
1340453 32
1341312 32
1342171 32
1343030 32
1343889 32
1344748 32
1345607 32
1406967 32
1436674 32
1437533 32
1438392 32
1439251 32
1440110 32
1440969 32
1441828 32
1503188 32
1532895 32
1533754 32
1534613 32
1535472 32
1536331 32
1537190 32
1538049 32
1599409 32
1629116 32
1629975 32
1630834 32
1631693 32
1632552 32
1633411 32
1634270 32
1695630 32
1725337 32
1726196 32
1727055 32
1727914 32
1728773 32
1729632 32
1730491 32
1791851 32
1821558 32
1822417 32
1823276 32
1824135 32
1824994 32
1825853 32
1826712 32
1888072 32
1917779 32
1918638 32
1919497 32
1920356 32
1921215 32
1922074 32
1922933 32
1984293 32
2014000 32
2014859 32
2015718 32
2016577 32
2017436 32
2018295 32
2019154 32
2080514 32
2110221 32
2111080 32
2111939 32
2112798 32
2113657 32
2114516 32
2115375 32
2176735 32
2206442 32
2207301 32
2208160 32
2209019 32
2209878 32
2210737 32
2211596 32
2272956 32
2368890 32
4193504 32
4223431 48
4224510 48
4225589 48
4226668 48
4227747 48
4228826 48
4229905 48
4307765 48
4337692 48
4338771 48
4339850 48
4340929 48
4342008 48
4343087 48
4344166 48
4422026 48
4451953 48
4453032 48
4454111 48
4455190 48
4456269 48
4457348 48
4458427 48
4536287 48
4566214 48
4567293 48
4568372 48
4569451 48
4570530 48
4571609 48
4572688 48
4650548 48
4680475 48
4681554 48
4682633 48
4683712 48
4684791 48
4685870 48
4686949 48
4764809 48
4794736 48
4795815 48
4796894 48
4797973 48
4799052 48
4800131 48
4801210 48
4879070 48
4908997 48
4910076 48
4911155 48
4912234 48
4913313 48
4914392 48
4915471 48
4993331 48
5023258 48
5024337 48
5025416 48
5026495 48
5027574 48
5028653 48
5029732 48
5107592 48
5137519 48
5138598 48
5139677 48
5140756 48
5141835 48
5142914 48
5143993 48
5221853 48
5251780 48
5252859 48
5253938 48
5255017 48
5256096 48
5257175 48
5258254 48
5336114 48
5450088 48
5564062 48
5678036 48
5792010 48
5905984 48
6019958 48
6133932 48
6247906 48
6277833 48
6278912 48
6279991 48
6281070 48
6282149 48
6283228 48
6284307 48
6285386 48
6286465 48
6287544 48
6288623 48
6289702 48
6290781 48
6291860 48
6292939 48
6294018 48
6362536 48
6476510 48
6590484 48
6704458 48
6734385 48
6735464 48
6736543 48
6737622 48
6738701 48
6739780 48
6740859 48
6741938 48
6743017 48
6744096 48
6745175 48
6746254 48
6747333 48
6748412 48
6749491 48
6750570 48
6819088 48
6849015 48
6850094 48
6851173 48
6852252 48
6853331 48
6854410 48
6855489 48
6856568 48
6857647 48
6858726 48
6859805 48
6860884 48
6861963 48
6863042 48
6864121 48
6865200 48
6933718 48
7047692 48
7161666 48
7275640 48
7389614 48
7503588 48
7617562 48
7731536 48
7845510 48
7959484 48
8073458 48
8187432 48
8301406 48
8415380 48
8445307 48
8446386 48
8447465 48
8448544 48
8449623 48
8450702 48
8451781 48
8452860 48
8453939 48
8455018 48
8456097 48
8457176 48
8458255 48
8459334 48
8460413 48
8461492 48
8530010 48
8643984 48
8757958 48
8871932 48
8985906 48
9099880 48
9213854 48
9327828 48
9441802 48
9555776 48
9585703 48
9586782 48
9587861 48
9588940 48
9590019 48
9591098 48
9592177 48
9593256 48
9594335 48
9595414 48
9596493 48
9597572 48
9598651 48
9599730 48
9600809 48
9601888 48
9670406 48
9784380 48
9814307 48
9815386 48
9816465 48
9817544 48
9818623 48
9819702 48
9820781 48
9821860 48
9822939 48
9824018 48
9825097 48
9826176 48
9827255 48
9828334 48
9829413 48
9830492 48
9899010 48
10012984 48
10126958 48
10240932 48
10354906 48
10468880 48
10582854 48
10696828 48
10810802 48
10924776 48
11038750 48
11152724 48
11266698 48
11380672 48
11494646 48
11608620 48
11722594 48
11836568 48
11950542 48
12064516 48
12179149 48
12179888 48
12180387 48
12181151 48
12181830 48
12182589 48
12183273 48
12184292 48
12184316 48
12185055 48
12185854 48
12186693 48
12187487 48
12188011 48
12188055 48
12188599 48
12188668 48
12188762 48
12189606 48
12190105 48
12190784 48
12191463 48
12192137 48
12192821 48
12193840 48
12193864 48
12194603 48
12195402 48
12196241 48
12196270 48
12196814 48
12196953 48
12197747 48
12198591 48
12199385 48
12200129 48
12201148 48
12201942 48
12202686 48
12203705 48
12204499 48
12205243 48
12206262 48
12207056 48
12207800 48
12208819 48
12209613 48
12210357 48
12211376 48
12212675 48
12213539 48
12214333 48
12215077 48
12215746 48
12216590 48
12217609 48
12218403 48
12219147 48
12219811 48
12220655 48
12221954 48
12222773 48
12223332 48
12224011 48
12224565 48
12225249 48
12226268 48
12227032 48
12227871 48
12228630 48
12229474 48
12230548 48
12231302 48
12231481 48
12232245 48
12232924 48
12233683 48
12234367 48
12235386 48
12235410 48
12236149 48
12236203 48
12236747 48
12236886 48
12237660 48
12238339 48
12239108 48
12239792 48
12240361 48
12241200 48
12241764 48
12242608 48
12243407 48
12244086 48
12244880 48
12245564 48
12246123 48
12246962 48
12247516 48
12248360 48
12249659 48
12250958 48
12251457 48
12252596 48
12253415 48
12254204 48
12255068 48
12255122 48
12256181 48
12257310 48
12258334 48
12258358 48
12258387 48
12259351 48
12260300 48
12260394 48
12261453 48
12262547 48
12263571 48
12263950 48
12264489 48
12264988 48
12265832 48
12267016 48
12267315 48
12267789 48
12268973 48
12269017 48
12269756 48
12270100 48
12271124 48
12272243 48
12273302 48
12274481 48
12275625 48
12276364 48
12276418 48
12276962 48
12277756 48
12278600 48
12278739 48
12279438 48
12279997 48
12281216 48
12282010 48
12283074 48
12284093 48
12284762 48
12285606 48
12285665 48
12286724 48
12287518 48
12288582 48
12289246 48
12290090 48
12290279 48
12291498 48
12292052 48
12293056 48
12293095 48
12294154 48
12294713 48
12295872 48
12296666 48
12297350 48
12298149 48
12298838 48
12300137 48
12300956 48
12301505 48
12302354 48
12302898 48
12303742 48
12303861 48
12304545 48
12305844 48
12306708 48
12307962 48
12308541 48
12308570 48
12308829 48
12308948 48
12309147 48
12310291 48
12310460 48
12310859 48
12310893 48
12311952 48
12312171 48
12313355 48
12313474 48
12313518 48
12313817 48
12314486 48
12315175 48
12316474 48
12317378 48
12317557 48
12318426 48
12319085 48
12319149 48
12319858 48
12320522 48
12321206 48
12321870 48
12321914 48
12322023 48
12322707 48
12323366 48
12324230 48
12325239 48
12325498 48
12325617 48
12326461 48
12326575 48
12327634 48
12327838 48
12328862 48
12328961 48
12330020 48
12330124 48
12330808 48
12332102 48
12332966 48
12333015 48
12334074 48
12334273 48
12335297 48
12336546 48
12337445 48
12338584 48
12339228 48
12339407 48
12340681 48
12341420 48
12342719 48
12343623 48
12343802 48
12344671 48
12344745 48
12345484 48
12346623 48
12347267 48
12347446 48
12347490 48
12348229 48
12349528 48
12350432 48
12350611 48
12351910 48
12352989 48
12353308 48
12353707 48
12354931 48
12355150 48
